6148
6148
10244
6148
6148
6148
6148
6148
6148
6148
6148
14340
8196
6148
6148
6148
6148
6148
6148
6148
36868
6148
6148
6148
6148
6148
6148
12292
6148
6148
15364
6148
6148
6148
6148
53252
6148
8196
12292
14340
6148
20484
12292
18436
12292
21508
6148
15364
6148
15364
12292
6148
15364
15364
8196
12292
6148
24580
15364
12292
43012
14340
14340
15364
10244
21508
6148
15364
12292
6148
6148
36868
14340
8196
15364
6148
14340
6148
8196
6148
12292
6148
12292
6148
22532
6148
21508
12292
8196
6148
8196
6148
12292
6148
6148
6148
8196
6148
6148
6148
24580
8196
6148
6148
6148
6148
6148
6148
6148
6148
6148
6148
6148
6148
18436
120836
6148
6148
6148
6148
6148
8196
6148
6148
6148
6148
6148
24580
6148
6148
15364
15364
12292
6148
6148
21508
10244
6148
14340
6148
2367492
57348
6148
20484
88068
10244
10244
1798148
6148
24580
6148
6148
6148
6148
6148
6148
6148
6148
15364
6148
21508
6148
21508
6148
6148
6148
6148
21508
6148
6148
12292
6148
6148
6148
15364
15364
6148
6148
6148
12292
6148
6148
6148
6148
6148
21508
43012
6148
6148
6148
21508
6148
6148
6148
15364
6148
12292
6148
6148
15364
6148
6148
6148
15364
21508
15364
6148
12292
6148
12292
6148
6148
6148
21508
6148
6148
12292
12292
6148
6148
6148
6148
6148
6148
6148
6148
6148
6148
6148
6148
6148
6148
6148
6148
6148
21508
12292
6148
6148
6148
6148
6148
6148
6148
6148
6148
21508
6148
6148
6148
6148
8196
6148
6148
6148
6148
12292
629248
25600
265216
11264
1805312
15360
39424
15360
12288
80896
273408
132608
16384
30208
12288
296448
40960
180224
226816
155136
129536
33792
126464
63488
134656
371712
30720
48640
51712
10240
27136
59904
20480
1605632
163328
18432
30208
150528
74752
47616
3584
612864
254976
42496
37888
122368
1398784
86528
44544
11264
11776
21504
265216
13312
44032
1805312
15360
39424
15360
12288
80896
273408
132608
16384
30208
12288
296448
40960
180224
226816
155136
129536
33792
126464
63488
134656
371712
30720
48640
51712
27648
27136
68096
20480
1766536
163328
18432
30208
150528
74752
47616
11264
334336
84992
223744
92672
7680
127488
8192
8192
8704
8704
90624
7168
37888
18944
7168
55296
5120
9216
43008
257024
141824
14336
29184
13312
66048
19456
6656
6144
12800
6656
7168
5632
7680
5632
219648
8192
119296
38912
92160
8192
123392
195584
8192
463360
49152
170496
89600
155648
54272
7680
23552
34816
56832
60928
7680
45056
8192
73216
19456
63488
32256
12800
8192
33792
77312
69632
71680
143360
212480
74752
15360
183808
119296
32768
8192
129024
169472
42496
110080
49664
187392
785920
8192
78848
100864
33280
54784
313856
24576
48128
24576
106496
10268160
75776
25088
14336
14336
21504
28672
4608
136704
345
346
348
75
366
76
70
42
71
282
674
89504
2899968
495104
1964075
461824
1132544
9948808
10023048
10048136
4085904
9948808
10019464
10011784
10078344
9982088
9918872
991232
335872
5928012
276857
405827
4942853
4942853
15241387
1736162
4904719
106035783
15241387
2572561
4382620
1742369
4382620
20389385
542576
25196449
475315163
24576581
1361234
25196449
15245594
4942853
347648
142848
1066572
513024
34728
195072
1345897
1189204
3469249
24576
172994
59392
3337817
385333
36868
4766724
976384
147456
2635902
2149760
4704674
5070112
657373
3536060
12665554
10432544
538272
4951211
1410680
34130184
2848440
1799685
1808941
2848440
19174891
1838783
13327639
3158271
921062
970752
2220032
1613486
508240
6096830
2559337
1231360
2043328
421026
38059520
3478096
3282340
745578
318904
1833540
4573206
36970166
